{
	"cv_file" : "no_file",
	"date" : "2018-01-03      17:01:33",
	"edges" : 
	[
		{
			"contour" : 
			[
				[
					{
						"x" : -16.6856689453125,
						"y" : -36.894622802734375
					},
					{
						"x" : -20.71978759765625,
						"y" : -71.184722900390625
					},
					{
						"x" : -31.6856689453125,
						"y" : -69.894622802734375
					},
					{
						"x" : -27.65155029296875,
						"y" : -35.604522705078125
					},
					{
						"x" : -16.6856689453125,
						"y" : -36.894622802734375
					}
				]
			],
			"edge_id" : 0,
			"from" : 0,
			"is_connected" : true,
			"to" : 1,
			"transformational_matrix" : " 0.926905  0.375084 0.0125961  0.741078\n-0.374854  0.926921 -0.017389  -50.6464\n-0.018198 0.0113963  0.999769 -0.223996\n        0         0         0         1"
		},
		{
			"contour" : 
			[
				[
					{
						"x" : -17.825958251953125,
						"y" : -36.476730346679688
					},
					{
						"x" : -17.825958251953125,
						"y" : -70.476730346679688
					},
					{
						"x" : -30.825958251953125,
						"y" : -70.476730346679688
					},
					{
						"x" : -30.825958251953125,
						"y" : -36.476730346679688
					},
					{
						"x" : -17.825958251953125,
						"y" : -36.476730346679688
					}
				]
			],
			"edge_id" : 5,
			"from" : 0,
			"is_connected" : true,
			"to" : 5,
			"transformational_matrix" : "  0.0511272   -0.998678 -0.00547231    -126.835\n   0.998625   0.0511864  -0.0113121    -107.797\n  0.0115774 -0.00488643     0.99992    -1.92527\n          0           0           0           1"
		},
		{
			"contour" : 
			[
				[
					{
						"x" : 24.584747314453125,
						"y" : -8.4066619873046875
					},
					{
						"x" : 24.584747314453125,
						"y" : -20.406661987304688
					},
					{
						"x" : -28.415252685546875,
						"y" : -20.406661987304688
					},
					{
						"x" : -28.415252685546875,
						"y" : -8.4066619873046875
					},
					{
						"x" : 24.584747314453125,
						"y" : -8.4066619873046875
					}
				]
			],
			"edge_id" : 0,
			"from" : 1,
			"is_connected" : true,
			"to" : 0,
			"transformational_matrix" : "  0.926905  -0.374854 -0.0181979    -19.676\n  0.375084   0.926921  0.0113963    46.6698\n 0.0125962 -0.0173891    0.99977  -0.666084\n        -0         -0         -0          1"
		},
		{
			"contour" : 
			[
				[
					{
						"x" : -44.703826904296875,
						"y" : 89.593338012695312
					},
					{
						"x" : -44.703826904296875,
						"y" : 72.593338012695312
					},
					{
						"x" : -82.703826904296875,
						"y" : 72.593338012695312
					},
					{
						"x" : -82.703826904296875,
						"y" : 89.593338012695312
					},
					{
						"x" : -44.703826904296875,
						"y" : 89.593338012695312
					}
				]
			],
			"edge_id" : 1,
			"from" : 1,
			"is_connected" : true,
			"to" : 2,
			"transformational_matrix" : "  -0.665515    0.746364 -0.00543157     -51.672\n  -0.746301   -0.665532  -0.0101054     70.4625\n -0.0111572 -0.00267169    0.999934    0.311524\n          0           0           0           1"
		},
		{
			"contour" : 
			[
				[
					{
						"x" : -8.199127197265625,
						"y" : -29.081298828125
					},
					{
						"x" : -21.13568115234375,
						"y" : -33.276947021484375
					},
					{
						"x" : -33.13568115234375,
						"y" : 3.723052978515625
					},
					{
						"x" : -20.199127197265625,
						"y" : 7.918701171875
					},
					{
						"x" : -8.199127197265625,
						"y" : -29.081298828125
					}
				]
			],
			"edge_id" : 6,
			"from" : 1,
			"is_connected" : true,
			"to" : 5,
			"transformational_matrix" : " -0.296461  -0.954916 -0.0157252   -99.4052\n  0.955015   -0.29628 -0.0128589    -98.583\n0.00762008 -0.0188299   0.999794   -3.10328\n         0          0          0          1"
		},
		{
			"contour" : 
			[
				[
					{
						"x" : -19.78997802734375,
						"y" : -12.363937377929688
					},
					{
						"x" : -27.645156860351562,
						"y" : -14.826004028320312
					},
					{
						"x" : -48.645172119140625,
						"y" : 52.173995971679688
					},
					{
						"x" : -40.789993286132812,
						"y" : 54.636062622070312
					},
					{
						"x" : -19.78997802734375,
						"y" : -12.363937377929688
					}
				]
			],
			"edge_id" : 7,
			"from" : 1,
			"is_connected" : true,
			"to" : 6,
			"transformational_matrix" : "   -0.94738    0.320012  -0.0079394      -26.77\n  -0.319978    -0.94741 -0.00526192     2.88944\n-0.00920575  -0.0024446    0.999955   -0.166168\n          0           0           0           1"
		},
		{
			"contour" : 
			[
				[
					{
						"x" : -9.710693359375,
						"y" : -24.961898803710938
					},
					{
						"x" : -18.41070556640625,
						"y" : -27.861892700195312
					},
					{
						"x" : -32.41070556640625,
						"y" : 14.138107299804688
					},
					{
						"x" : -23.710693359375,
						"y" : 17.038101196289062
					},
					{
						"x" : -9.710693359375,
						"y" : -24.961898803710938
					}
				]
			],
			"edge_id" : 13,
			"from" : 1,
			"is_connected" : true,
			"to" : 7,
			"transformational_matrix" : "    0.281166     0.959653  -0.00340603     -157.965\n   -0.959659     0.281167 -0.000206412      12.6948\n 0.000759578   0.00332666     0.999994     -3.34021\n           0            0            0            1"
		},
		{
			"contour" : 
			[
				[
					{
						"x" : -11.04278564453125,
						"y" : -27.210159301757812
					},
					{
						"x" : -20.807159423828125,
						"y" : -30.843399047851562
					},
					{
						"x" : -37.04278564453125,
						"y" : 12.789840698242188
					},
					{
						"x" : -27.278411865234375,
						"y" : 16.423080444335938
					},
					{
						"x" : -11.04278564453125,
						"y" : -27.210159301757812
					}
				]
			],
			"edge_id" : 12,
			"from" : 1,
			"is_connected" : true,
			"to" : 8,
			"transformational_matrix" : " -0.267848  -0.963411 0.00980218   -47.5639\n  0.963338  -0.267963 -0.0132726    10.1437\n 0.0154136 0.00588778   0.999864   0.127897\n         0          0          0          1"
		},
		{
			"contour" : 
			[
				[
					{
						"x" : 18.948677062988281,
						"y" : -24.69708251953125
					},
					{
						"x" : 6.9486770629882812,
						"y" : -36.69708251953125
					},
					{
						"x" : -20.051322937011719,
						"y" : -9.69708251953125
					},
					{
						"x" : -8.0513229370117188,
						"y" : 2.30291748046875
					},
					{
						"x" : 18.948677062988281,
						"y" : -24.69708251953125
					}
				]
			],
			"edge_id" : 1,
			"from" : 2,
			"is_connected" : true,
			"to" : 1,
			"transformational_matrix" : "  -0.665516   -0.746301  -0.0111572     18.2012\n   0.746365   -0.665532 -0.00267171     85.4621\n-0.00543159  -0.0101054    0.999934    0.119886\n          0           0          -0           1"
		},
		{
			"contour" : 
			[
				[
					{
						"x" : 112.94868469238281,
						"y" : -128.40821838378906
					},
					{
						"x" : 84.904586791992188,
						"y" : -183.494873046875
					},
					{
						"x" : 72.948684692382812,
						"y" : -177.40823364257812
					},
					{
						"x" : 100.99278259277344,
						"y" : -122.32159423828125
					},
					{
						"x" : 112.94868469238281,
						"y" : -128.40821838378906
					}
				]
			],
			"edge_id" : 2,
			"from" : 2,
			"is_connected" : true,
			"to" : 3,
			"transformational_matrix" : "   0.611105   -0.791299   0.0199067     69.1827\n   0.791451    0.611233 0.000422169    -152.546\n -0.0125017   0.0154972    0.999802    -1.22904\n          0           0           0           1"
		},
		{
			"contour" : 
			[
				[
					{
						"x" : 46.191272735595703,
						"y" : -20.316665649414062
					},
					{
						"x" : -16.808727264404297,
						"y" : -34.316665649414062
					},
					{
						"x" : -19.914608001708984,
						"y" : -20.340194702148438
					},
					{
						"x" : 43.085391998291016,
						"y" : -6.3401947021484375
					},
					{
						"x" : 46.191272735595703,
						"y" : -20.316665649414062
					}
				]
			],
			"edge_id" : 2,
			"from" : 3,
			"is_connected" : true,
			"to" : 2,
			"transformational_matrix" : "   0.611105     0.79145  -0.0125017     78.4393\n  -0.791299    0.611233   0.0154972     148.004\n  0.0199067 0.000422166    0.999802  -0.0840047\n         -0          -0          -0           1"
		},
		{
			"contour" : 
			[
				[
					{
						"x" : 227.19126892089844,
						"y" : 25.683334350585938
					},
					{
						"x" : 157.59439086914062,
						"y" : 4.5016632080078125
					},
					{
						"x" : 154.19126892089844,
						"y" : 15.683334350585938
					},
					{
						"x" : 223.78813171386719,
						"y" : 36.865005493164062
					},
					{
						"x" : 227.19126892089844,
						"y" : 25.683334350585938
					}
				]
			],
			"edge_id" : 3,
			"from" : 3,
			"is_connected" : true,
			"to" : 4,
			"transformational_matrix" : " -0.288368  -0.957459  0.0107539    171.191\n  0.957344  -0.288081  0.0224025    16.8985\n-0.0183515  0.0167553   0.999691   0.219774\n         0          0          0          1"
		},
		{
			"contour" : 
			[
				[
					{
						"x" : 175.31562805175781,
						"y" : 9.7074127197265625
					},
					{
						"x" : 113.19126892089844,
						"y" : -2.3166656494140625
					},
					{
						"x" : 111.06690979003906,
						"y" : 8.6592559814453125
					},
					{
						"x" : 173.19126892089844,
						"y" : 20.683334350585938
					},
					{
						"x" : 175.31562805175781,
						"y" : 9.7074127197265625
					}
				]
			],
			"edge_id" : 11,
			"from" : 3,
			"is_connected" : true,
			"to" : 6,
			"transformational_matrix" : "   0.192757    0.981223 -0.00674641     141.562\n  -0.981023    0.192855   0.0200288     167.649\n  0.0209538  0.00275769    0.999777    -2.68266\n          0           0           0           1"
		},
		{
			"contour" : 
			[
				[
					{
						"x" : 179.30473327636719,
						"y" : 9.7105712890625
					},
					{
						"x" : 104.30473327636719,
						"y" : -8.2894210815429688
					},
					{
						"x" : 101.19126892089844,
						"y" : 4.683349609375
					},
					{
						"x" : 176.19126892089844,
						"y" : 22.683334350585938
					},
					{
						"x" : 179.30473327636719,
						"y" : 9.7105712890625
					}
				]
			],
			"edge_id" : 14,
			"from" : 3,
			"is_connected" : true,
			"to" : 7,
			"transformational_matrix" : "  0.970569  -0.240251  0.0165998     119.76\n  0.239805   0.970497  0.0250727    37.6125\n-0.0221339 -0.0203541   0.999548   -0.64511\n         0          0          0          1"
		},
		{
			"contour" : 
			[
				[
					{
						"x" : 4.19287109375,
						"y" : 11.091537475585938
					},
					{
						"x" : 0.1696929931640625,
						"y" : -72.389289855957031
					},
					{
						"x" : -9.80712890625,
						"y" : -71.908493041992188
					},
					{
						"x" : -5.7839508056640625,
						"y" : 11.57232666015625
					},
					{
						"x" : 4.19287109375,
						"y" : 11.091537475585938
					}
				]
			],
			"edge_id" : 3,
			"from" : 4,
			"is_connected" : true,
			"to" : 3,
			"transformational_matrix" : " -0.288367   0.957344 -0.0183515    33.1923\n  -0.95746  -0.288082  0.0167554    168.773\n 0.0107539  0.0224025   0.999691   -2.43924\n         0         -0         -0          1"
		},
		{
			"contour" : 
			[
				[
					{
						"x" : 114.19285583496094,
						"y" : -78.908477783203125
					},
					{
						"x" : 114.19285583496094,
						"y" : -83.908477783203125
					},
					{
						"x" : 38.192855834960938,
						"y" : -83.908477783203125
					},
					{
						"x" : 38.192855834960938,
						"y" : -78.908477783203125
					},
					{
						"x" : 114.19285583496094,
						"y" : -78.908477783203125
					}
				]
			],
			"edge_id" : 4,
			"from" : 4,
			"is_connected" : true,
			"to" : 5,
			"transformational_matrix" : " -0.0157734   -0.999872 -0.00279444     52.5816\n   0.999457  -0.0158477   0.0288946    -81.3838\n -0.0289351 -0.00233715    0.999578     1.19668\n          0           0           0           1"
		},
		{
			"contour" : 
			[
				[
					{
						"x" : 5.1928558349609375,
						"y" : -9.908477783203125
					},
					{
						"x" : 5.1928558349609375,
						"y" : -68.908477783203125
					},
					{
						"x" : -6.8071441650390625,
						"y" : -68.908477783203125
					},
					{
						"x" : -6.8071441650390625,
						"y" : -9.908477783203125
					},
					{
						"x" : 5.1928558349609375,
						"y" : -9.908477783203125
					}
				]
			],
			"edge_id" : 10,
			"from" : 4,
			"is_connected" : true,
			"to" : 8,
			"transformational_matrix" : "  0.137088  -0.990182  0.0273246    140.275\n  0.990421   0.137476  0.0128883    1.53724\n-0.0165182   0.025296   0.999544  -0.160449\n         0          0          0          1"
		},
		{
			"contour" : 
			[
				[
					{
						"x" : 6.210113525390625,
						"y" : -10.94427490234375
					},
					{
						"x" : 2.19287109375,
						"y" : -79.23736572265625
					},
					{
						"x" : -9.824371337890625,
						"y" : -78.53045654296875
					},
					{
						"x" : -5.80712890625,
						"y" : -10.23736572265625
					},
					{
						"x" : 6.210113525390625,
						"y" : -10.94427490234375
					}
				],
				[
					{
						"x" : 124.19285583496094,
						"y" : -76.23736572265625
					},
					{
						"x" : 124.19285583496094,
						"y" : -83.23736572265625
					},
					{
						"x" : 106.19285583496094,
						"y" : -83.23736572265625
					},
					{
						"x" : 106.19285583496094,
						"y" : -76.23736572265625
					},
					{
						"x" : 124.19285583496094,
						"y" : -76.23736572265625
					}
				]
			],
			"edge_id" : 16,
			"from" : 4,
			"is_connected" : true,
			"to" : 9,
			"transformational_matrix" : "  0.0251325    0.999678  0.00351628     10.2227\n  -0.999681   0.0251231  0.00270647    -27.6293\n 0.00261726 -0.00358318     0.99999   0.0957625\n          0           0           0           1"
		},
		{
			"contour" : 
			[
				[
					{
						"x" : 79.192855834960938,
						"y" : -76.908477783203125
					},
					{
						"x" : 79.192855834960938,
						"y" : -86.908477783203125
					},
					{
						"x" : 50.192855834960938,
						"y" : -86.908477783203125
					},
					{
						"x" : 50.192855834960938,
						"y" : -76.908477783203125
					},
					{
						"x" : 79.192855834960938,
						"y" : -76.908477783203125
					}
				]
			],
			"edge_id" : 20,
			"from" : 4,
			"is_connected" : true,
			"to" : 10,
			"transformational_matrix" : "    0.192596     0.981177    0.0140721      92.1292\n   -0.981278     0.192586   0.00211145      42.6654\n-0.000638375   -0.0142153     0.999899    -0.594045\n           0            0            0            1"
		},
		{
			"contour" : 
			[
				[
					{
						"x" : 76.986305236816406,
						"y" : -93.415283203125
					},
					{
						"x" : 76.986305236816406,
						"y" : -107.415283203125
					},
					{
						"x" : 42.986305236816406,
						"y" : -107.415283203125
					},
					{
						"x" : 42.986305236816406,
						"y" : -93.415283203125
					},
					{
						"x" : 76.986305236816406,
						"y" : -93.415283203125
					}
				]
			],
			"edge_id" : 5,
			"from" : 5,
			"is_connected" : true,
			"to" : 0,
			"transformational_matrix" : "   0.051127    0.998625   0.0115773     114.156\n  -0.998676   0.0511865 -0.00488643    -121.159\n-0.00547232  -0.0113123    0.999922     0.01161\n          0          -0          -0           1"
		},
		{
			"contour" : 
			[
				[
					{
						"x" : 78.986305236816406,
						"y" : -92.89447021484375
					},
					{
						"x" : 78.986305236816406,
						"y" : -106.89447021484375
					},
					{
						"x" : 42.986305236816406,
						"y" : -106.89447021484375
					},
					{
						"x" : 42.986305236816406,
						"y" : -92.89447021484375
					},
					{
						"x" : 78.986305236816406,
						"y" : -92.89447021484375
					}
				]
			],
			"edge_id" : 6,
			"from" : 5,
			"is_connected" : true,
			"to" : 1,
			"transformational_matrix" : " -0.296461   0.955014  0.0076201    64.7021\n -0.954915   -0.29628 -0.0188299    -124.19\n-0.0157251 -0.0128589   0.999793   0.271814\n         0         -0         -0          1"
		},
		{
			"contour" : 
			[
				[
					{
						"x" : 2.1295394897460938,
						"y" : 14.112396240234375
					},
					{
						"x" : 2.1295394897460938,
						"y" : -62.887603759765625
					},
					{
						"x" : -2.8704605102539062,
						"y" : -62.887603759765625
					},
					{
						"x" : -2.8704605102539062,
						"y" : 14.112396240234375
					},
					{
						"x" : 2.1295394897460938,
						"y" : 14.112396240234375
					}
				]
			],
			"edge_id" : 4,
			"from" : 5,
			"is_connected" : true,
			"to" : 4,
			"transformational_matrix" : " -0.0157735    0.999457  -0.0289352     82.2036\n  -0.999871  -0.0158476 -0.00233716     51.2879\n-0.00279444   0.0288945    0.999579     1.30231\n         -0          -0          -0           1"
		},
		{
			"contour" : 
			[
				[
					{
						"x" : 13.241195678710938,
						"y" : -42.887603759765625
					},
					{
						"x" : 13.241195678710938,
						"y" : -71.887603759765625
					},
					{
						"x" : -2.7588043212890625,
						"y" : -71.887603759765625
					},
					{
						"x" : -2.7588043212890625,
						"y" : -42.887603759765625
					},
					{
						"x" : 13.241195678710938,
						"y" : -42.887603759765625
					}
				]
			],
			"edge_id" : 17,
			"from" : 5,
			"is_connected" : true,
			"to" : 9,
			"transformational_matrix" : "   -0.99975   0.0145718   0.0169735     54.0589\n -0.0146847   -0.999871 -0.00654555     42.2783\n   0.016876 -0.00679316    0.999835    -1.24848\n          0           0           0           1"
		},
		{
			"contour" : 
			[
				[
					{
						"x" : 4.9863052368164062,
						"y" : 3.112396240234375
					},
					{
						"x" : 4.9863052368164062,
						"y" : -26.887603759765625
					},
					{
						"x" : -5.0136947631835938,
						"y" : -26.887603759765625
					},
					{
						"x" : -5.0136947631835938,
						"y" : 3.112396240234375
					},
					{
						"x" : 4.9863052368164062,
						"y" : 3.112396240234375
					}
				]
			],
			"edge_id" : 20,
			"from" : 5,
			"is_connected" : true,
			"to" : 10,
			"transformational_matrix" : " -0.984902   0.169741  -0.034011    123.261\n -0.169316  -0.985447 -0.0150169   -42.4103\n -0.036065 -0.0090316   0.999309    2.55084\n         0          0          0          1"
		},
		{
			"contour" : 
			[
				[
					{
						"x" : 6.1318435668945312,
						"y" : 15.670135498046875
					},
					{
						"x" : 6.1318435668945312,
						"y" : -55.329864501953125
					},
					{
						"x" : -4.8681564331054688,
						"y" : -55.329864501953125
					},
					{
						"x" : -4.8681564331054688,
						"y" : 15.670135498046875
					},
					{
						"x" : 6.1318435668945312,
						"y" : 15.670135498046875
					}
				]
			],
			"edge_id" : 7,
			"from" : 6,
			"is_connected" : true,
			"to" : 1,
			"transformational_matrix" : "   -0.94738   -0.319978 -0.00920575    -24.4383\n   0.320012   -0.947411  -0.0024446     11.3038\n -0.0079394 -0.00526192    0.999954  -0.0311734\n          0           0          -0           1"
		},
		{
			"contour" : 
			[
				[
					{
						"x" : 161.61407470703125,
						"y" : -9.7845611572265625
					},
					{
						"x" : 161.61407470703125,
						"y" : -68.784561157226562
					},
					{
						"x" : 149.61407470703125,
						"y" : -68.784561157226562
					},
					{
						"x" : 149.61407470703125,
						"y" : -9.7845611572265625
					},
					{
						"x" : 161.61407470703125,
						"y" : -9.7845611572265625
					}
				]
			],
			"edge_id" : 11,
			"from" : 6,
			"is_connected" : true,
			"to" : 3,
			"transformational_matrix" : "  0.192757  -0.981023  0.0209538    137.237\n  0.981224   0.192855 0.00275769   -171.229\n-0.0067464  0.0200288   0.999776   0.279289\n        -0         -0         -0          1"
		},
		{
			"contour" : 
			[
				[
					{
						"x" : 162.17353820800781,
						"y" : -9.27984619140625
					},
					{
						"x" : 162.17353820800781,
						"y" : -62.27984619140625
					},
					{
						"x" : 148.17353820800781,
						"y" : -62.27984619140625
					},
					{
						"x" : 148.17353820800781,
						"y" : -9.27984619140625
					},
					{
						"x" : 162.17353820800781,
						"y" : -9.27984619140625
					}
				],
				[
					{
						"x" : 5.1735382080078125,
						"y" : 15.72015380859375
					},
					{
						"x" : 5.1735382080078125,
						"y" : -22.27984619140625
					},
					{
						"x" : -4.8264617919921875,
						"y" : -22.27984619140625
					},
					{
						"x" : -4.8264617919921875,
						"y" : 15.72015380859375
					},
					{
						"x" : 5.1735382080078125,
						"y" : 15.72015380859375
					}
				]
			],
			"edge_id" : 8,
			"from" : 6,
			"is_connected" : true,
			"to" : 7,
			"transformational_matrix" : " -0.00837027    -0.999965 -0.000240553       122.62\n    0.999384  -0.00837361    0.0340737      -47.365\n  -0.0340745  4.48013e-05     0.999419    -0.364636\n           0            0            0            1"
		},
		{
			"contour" : 
			[
				[
					{
						"x" : 110.61409759521484,
						"y" : -49.010017395019531
					},
					{
						"x" : 41.312004089355469,
						"y" : -55.036277770996094
					},
					{
						"x" : 40.614067077636719,
						"y" : -47.010017395019531
					},
					{
						"x" : 109.91616058349609,
						"y" : -40.983757019042969
					},
					{
						"x" : 110.61409759521484,
						"y" : -49.010017395019531
					}
				]
			],
			"edge_id" : 19,
			"from" : 6,
			"is_connected" : true,
			"to" : 10,
			"transformational_matrix" : " -0.244588  -0.969622 0.00314414    63.4026\n  0.969568  -0.244535  0.0118562    -47.568\n-0.0107272 0.00594834   0.999925   0.490676\n         0          0          0          1"
		},
		{
			"contour" : 
			[
				[
					{
						"x" : 82.246780395507812,
						"y" : 118.83688354492188
					},
					{
						"x" : 20.739822387695312,
						"y" : 115.81192016601562
					},
					{
						"x" : 20.246780395507812,
						"y" : 125.83683776855469
					},
					{
						"x" : 81.753738403320312,
						"y" : 128.86180114746094
					},
					{
						"x" : 82.246780395507812,
						"y" : 118.83688354492188
					}
				]
			],
			"edge_id" : 13,
			"from" : 7,
			"is_connected" : true,
			"to" : 1,
			"transformational_matrix" : "    0.281166    -0.959659  0.000759579      56.5996\n    0.959653     0.281167   0.00332666      148.033\n -0.00340603 -0.000206412     0.999994      2.80478\n           0           -0           -0            1"
		},
		{
			"contour" : 
			[
				[
					{
						"x" : 52.176254272460938,
						"y" : -26.395584106445312
					},
					{
						"x" : 52.176254272460938,
						"y" : -40.395584106445312
					},
					{
						"x" : -17.823745727539062,
						"y" : -40.395584106445312
					},
					{
						"x" : -17.823745727539062,
						"y" : -26.395584106445312
					},
					{
						"x" : 52.176254272460938,
						"y" : -26.395584106445312
					}
				]
			],
			"edge_id" : 14,
			"from" : 7,
			"is_connected" : true,
			"to" : 3,
			"transformational_matrix" : "  0.970569   0.239805 -0.0221338   -125.269\n -0.240252   0.970498 -0.0203541   -7.74345\n 0.0165999  0.0250727   0.999548   -2.28623\n        -0          0         -0          1"
		},
		{
			"contour" : 
			[
				[
					{
						"x" : 37.5843505859375,
						"y" : -26.163162231445312
					},
					{
						"x" : 37.5843505859375,
						"y" : -39.163162231445312
					},
					{
						"x" : -18.4156494140625,
						"y" : -39.163162231445312
					},
					{
						"x" : -18.4156494140625,
						"y" : -26.163162231445312
					},
					{
						"x" : 37.5843505859375,
						"y" : -26.163162231445312
					}
				],
				[
					{
						"x" : 64.5843505859375,
						"y" : 125.83683776855469
					},
					{
						"x" : 64.5843505859375,
						"y" : 117.83683776855469
					},
					{
						"x" : 26.5843505859375,
						"y" : 117.83683776855469
					},
					{
						"x" : 26.5843505859375,
						"y" : 125.83683776855469
					},
					{
						"x" : 64.5843505859375,
						"y" : 125.83683776855469
					}
				]
			],
			"edge_id" : 8,
			"from" : 7,
			"is_connected" : true,
			"to" : 6,
			"transformational_matrix" : " -0.00837028     0.999384   -0.0340745      48.3498\n   -0.999965  -0.00837361  4.48013e-05      122.219\n-0.000240553    0.0340737      0.99942      2.00782\n           0            0           -0            1"
		},
		{
			"contour" : 
			[
				[
					{
						"x" : 82.5843505859375,
						"y" : 119.72921752929688
					},
					{
						"x" : 21.17626953125,
						"y" : 115.70248413085938
					},
					{
						"x" : 20.5843505859375,
						"y" : 124.72921752929688
					},
					{
						"x" : 81.992431640625,
						"y" : 128.75595092773438
					},
					{
						"x" : 82.5843505859375,
						"y" : 119.72921752929688
					}
				]
			],
			"edge_id" : 9,
			"from" : 7,
			"is_connected" : true,
			"to" : 8,
			"transformational_matrix" : " -0.998715 -0.0446334 -0.0240076    36.0698\n 0.0444052  -0.998964 0.00995591    106.717\n-0.0244271 0.00887706   0.999662    3.19942\n         0          0          0          1"
		},
		{
			"contour" : 
			[
				[
					{
						"x" : 80.5843505859375,
						"y" : -39.615432739257812
					},
					{
						"x" : 80.5843505859375,
						"y" : -43.615432739257812
					},
					{
						"x" : 67.5843505859375,
						"y" : -43.615432739257812
					},
					{
						"x" : 67.5843505859375,
						"y" : -39.615432739257812
					},
					{
						"x" : 80.5843505859375,
						"y" : -39.615432739257812
					}
				]
			],
			"edge_id" : 20,
			"from" : 7,
			"is_connected" : true,
			"to" : 10,
			"transformational_matrix" : " -0.250948  -0.967999 0.00153728    63.5254\n  0.967883  -0.250892  0.0159982   -47.5605\n-0.0151005 0.00550261   0.999871   0.483078\n         0          0          0          1"
		},
		{
			"contour" : 
			[
				[
					{
						"x" : 12.033599853515625,
						"y" : -21.959251403808594
					},
					{
						"x" : -47.966400146484375,
						"y" : -24.959251403808594
					},
					{
						"x" : -48.4676513671875,
						"y" : -14.934318542480469
					},
					{
						"x" : 11.5323486328125,
						"y" : -11.934310913085938
					},
					{
						"x" : 12.033599853515625,
						"y" : -21.959251403808594
					}
				]
			],
			"edge_id" : 12,
			"from" : 8,
			"is_connected" : true,
			"to" : 1,
			"transformational_matrix" : " -0.267848   0.963338  0.0154136   -22.5137\n -0.963412  -0.267963 0.00588777   -43.1062\n 0.0098022 -0.0132726   0.999864   0.472984\n         0          0         -0          1"
		},
		{
			"contour" : 
			[
				[
					{
						"x" : -33.362564086914062,
						"y" : 129.45152282714844
					},
					{
						"x" : -96.409881591796875,
						"y" : 124.44775390625
					},
					{
						"x" : -97.362564086914062,
						"y" : 136.45150756835938
					},
					{
						"x" : -34.31524658203125,
						"y" : 141.45526123046875
					},
					{
						"x" : -33.362564086914062,
						"y" : 129.45152282714844
					}
				]
			],
			"edge_id" : 10,
			"from" : 8,
			"is_connected" : true,
			"to" : 4,
			"transformational_matrix" : "  0.137087   0.990421 -0.0165182   -20.7551\n -0.990182   0.137477   0.025296     138.69\n 0.0273245  0.0128882   0.999543   -3.69239\n        -0         -0         -0          1"
		},
		{
			"contour" : 
			[
				[
					{
						"x" : 1.5323486328125,
						"y" : -23.748855590820312
					},
					{
						"x" : -43.4676513671875,
						"y" : -28.748855590820312
					},
					{
						"x" : -44.809112548828125,
						"y" : -16.675689697265625
					},
					{
						"x" : 0.190887451171875,
						"y" : -11.675689697265625
					},
					{
						"x" : 1.5323486328125,
						"y" : -23.748855590820312
					}
				]
			],
			"edge_id" : 9,
			"from" : 8,
			"is_connected" : true,
			"to" : 7,
			"transformational_matrix" : " -0.998715  0.0444052 -0.0244271    31.3628\n-0.0446334  -0.998964 0.00887706    108.188\n-0.0240076 0.00995592   0.999662   -3.39486\n         0          0         -0          1"
		},
		{
			"contour" : 
			[
				[
					{
						"x" : -32.356216430664062,
						"y" : 129.96687316894531
					},
					{
						"x" : -96.316619873046875,
						"y" : 123.57081604003906
					},
					{
						"x" : -97.425537109375,
						"y" : 134.65992736816406
					},
					{
						"x" : -33.465133666992188,
						"y" : 141.05598449707031
					},
					{
						"x" : -32.356216430664062,
						"y" : 129.96687316894531
					}
				]
			],
			"edge_id" : 15,
			"from" : 8,
			"is_connected" : true,
			"to" : 9,
			"transformational_matrix" : "  -0.986617    0.162443  -0.0141145    -46.6636\n   -0.16277   -0.986311   0.0264023     124.779\n-0.00963239   0.0283463    0.999552    -3.62838\n          0           0           0           1"
		},
		{
			"contour" : 
			[
				[
					{
						"x" : -33.685638427734375,
						"y" : 75.451507568359375
					},
					{
						"x" : -33.685638427734375,
						"y" : 42.451507568359375
					},
					{
						"x" : -46.685638427734375,
						"y" : 42.451507568359375
					},
					{
						"x" : -46.685638427734375,
						"y" : 75.451507568359375
					},
					{
						"x" : -33.685638427734375,
						"y" : 75.451507568359375
					}
				]
			],
			"edge_id" : 20,
			"from" : 8,
			"is_connected" : true,
			"to" : 10,
			"transformational_matrix" : "   -0.95877    0.283783   -0.015079     31.3666\n  -0.284041   -0.958619   0.0192542     48.8551\n-0.00899103   0.0227434    0.999701    -1.06879\n          0           0           0           1"
		},
		{
			"contour" : 
			[
				[
					{
						"x" : 54.027816772460938,
						"y" : -10.689956665039062
					},
					{
						"x" : 52.846481323242188,
						"y" : -22.672073364257812
					},
					{
						"x" : -18.334854125976562,
						"y" : -15.654190063476562
					},
					{
						"x" : -17.153518676757812,
						"y" : -3.6720733642578125
					},
					{
						"x" : 54.027816772460938,
						"y" : -10.689956665039062
					}
				],
				[
					{
						"x" : 60.728439331054688,
						"y" : 93.629592895507812
					},
					{
						"x" : 54.846481323242188,
						"y" : 91.327957153320312
					},
					{
						"x" : 45.846481323242188,
						"y" : 114.32795715332031
					},
					{
						"x" : 51.728439331054688,
						"y" : 116.62959289550781
					},
					{
						"x" : 60.728439331054688,
						"y" : 93.629592895507812
					}
				]
			],
			"edge_id" : 16,
			"from" : 9,
			"is_connected" : true,
			"to" : 4,
			"transformational_matrix" : "  0.0251325    -0.99968  0.00261726    -27.8776\n   0.999678    0.025123 -0.00358318    -9.52493\n 0.00351628  0.00270647     0.99999  -0.0569296\n         -0           0          -0           1"
		},
		{
			"contour" : 
			[
				[
					{
						"x" : 57.656478881835938,
						"y" : 112.94542694091797
					},
					{
						"x" : 57.656478881835938,
						"y" : 83.945426940917969
					},
					{
						"x" : 39.656478881835938,
						"y" : 83.945426940917969
					},
					{
						"x" : 39.656478881835938,
						"y" : 112.94542694091797
					},
					{
						"x" : 57.656478881835938,
						"y" : 112.94542694091797
					}
				]
			],
			"edge_id" : 17,
			"from" : 9,
			"is_connected" : true,
			"to" : 5,
			"transformational_matrix" : "  -0.999749  -0.0146847   0.0168759     54.6873\n  0.0145718    -0.99987 -0.00679316     41.4766\n  0.0169736 -0.00654554    0.999834    0.607435\n         -0           0          -0           1"
		},
		{
			"contour" : 
			[
				[
					{
						"x" : 48.255157470703125,
						"y" : -9.7886123657226562
					},
					{
						"x" : 47.64208984375,
						"y" : -19.750892639160156
					},
					{
						"x" : -17.970977783203125,
						"y" : -15.713157653808594
					},
					{
						"x" : -17.35791015625,
						"y" : -5.7508773803710938
					},
					{
						"x" : 48.255157470703125,
						"y" : -9.7886123657226562
					}
				],
				[
					{
						"x" : 36.64208984375,
						"y" : 151.24913024902344
					},
					{
						"x" : 36.64208984375,
						"y" : 141.24913024902344
					},
					{
						"x" : 28.64208984375,
						"y" : 141.24913024902344
					},
					{
						"x" : 28.64208984375,
						"y" : 151.24913024902344
					},
					{
						"x" : 36.64208984375,
						"y" : 151.24913024902344
					}
				]
			],
			"edge_id" : 15,
			"from" : 9,
			"is_connected" : true,
			"to" : 8,
			"transformational_matrix" : "  -0.986617    -0.16277 -0.00963241    -25.7637\n   0.162443    -0.98631   0.0283464     130.754\n -0.0141145   0.0264022    0.999552    -0.32632\n          0           0          -0           1"
		},
		{
			"contour" : 
			[
				[
					{
						"x" : 55.1087646484375,
						"y" : 64.945426940917969
					},
					{
						"x" : 55.1087646484375,
						"y" : 59.945426940917969
					},
					{
						"x" : 23.1087646484375,
						"y" : 59.945426940917969
					},
					{
						"x" : 23.1087646484375,
						"y" : 64.945426940917969
					},
					{
						"x" : 55.1087646484375,
						"y" : 64.945426940917969
					}
				]
			],
			"edge_id" : 18,
			"from" : 9,
			"is_connected" : true,
			"to" : 10,
			"transformational_matrix" : "   0.98497  -0.171361  0.0216812   -67.9666\n  0.171446   0.985191 -0.0020889    83.5592\n-0.0210022 0.00577465   0.999763    2.46844\n         0          0          0          1"
		},
		{
			"contour" : 
			[
				[
					{
						"x" : 122.94871520996094,
						"y" : -38.501739501953125
					},
					{
						"x" : 116.94871520996094,
						"y" : -69.501739501953125
					},
					{
						"x" : 107.90055847167969,
						"y" : -67.75048828125
					},
					{
						"x" : 113.90055847167969,
						"y" : -36.75048828125
					},
					{
						"x" : 122.94871520996094,
						"y" : -38.501739501953125
					}
				]
			],
			"edge_id" : 20,
			"from" : 10,
			"is_connected" : true,
			"to" : 4,
			"transformational_matrix" : "    0.192597    -0.981278 -0.000638383      24.1225\n    0.981177     0.192585   -0.0142153     -98.6203\n   0.0140721   0.00211145     0.999899    -0.792553\n          -0            0           -0            1"
		},
		{
			"contour" : 
			[
				[
					{
						"x" : 123.90055847167969,
						"y" : -37.936233520507812
					},
					{
						"x" : 118.90055847167969,
						"y" : -62.936233520507812
					},
					{
						"x" : 108.90055847167969,
						"y" : -60.936233520507812
					},
					{
						"x" : 113.90055847167969,
						"y" : -35.936233520507812
					},
					{
						"x" : 123.90055847167969,
						"y" : -37.936233520507812
					}
				]
			],
			"edge_id" : 20,
			"from" : 10,
			"is_connected" : true,
			"to" : 5,
			"transformational_matrix" : "  -0.984901   -0.169316   -0.036065     114.311\n   0.169741   -0.985448 -0.00903157    -62.6925\n -0.0340109  -0.0150169    0.999308     1.00627\n          0           0          -0           1"
		},
		{
			"contour" : 
			[
				[
					{
						"x" : 4.9903106689453125,
						"y" : 20.295761108398438
					},
					{
						"x" : -5.0117340087890625,
						"y" : -48.718429565429688
					},
					{
						"x" : -12.009689331054688,
						"y" : -47.704238891601562
					},
					{
						"x" : -2.0076446533203125,
						"y" : 21.309951782226562
					},
					{
						"x" : 4.9903106689453125,
						"y" : 20.295761108398438
					}
				]
			],
			"edge_id" : 19,
			"from" : 10,
			"is_connected" : true,
			"to" : 6,
			"transformational_matrix" : " -0.244587   0.969568 -0.0107272    61.6331\n -0.969622  -0.244536 0.00594834    49.8416\n0.00314414  0.0118562   0.999925  -0.126009\n         0         -0         -0          1"
		},
		{
			"contour" : 
			[
				[
					{
						"x" : -0.0994415283203125,
						"y" : -0.0600433349609375
					},
					{
						"x" : -0.0994415283203125,
						"y" : -8.0600433349609375
					},
					{
						"x" : -4.0994415283203125,
						"y" : -8.0600433349609375
					},
					{
						"x" : -4.0994415283203125,
						"y" : -0.0600433349609375
					},
					{
						"x" : -0.0994415283203125,
						"y" : -0.0600433349609375
					}
				]
			],
			"edge_id" : 20,
			"from" : 10,
			"is_connected" : true,
			"to" : 7,
			"transformational_matrix" : " -0.250948   0.967883 -0.0151006    61.9818\n    -0.968  -0.250892 0.00550262    49.5573\n0.00153729  0.0159981   0.999871   0.180207\n         0         -0         -0          1"
		},
		{
			"contour" : 
			[
				[
					{
						"x" : 72.974273681640625,
						"y" : -15.666839599609375
					},
					{
						"x" : 68.974273681640625,
						"y" : -46.666839599609375
					},
					{
						"x" : 57.90057373046875,
						"y" : -45.23797607421875
					},
					{
						"x" : 61.90057373046875,
						"y" : -14.23797607421875
					},
					{
						"x" : 72.974273681640625,
						"y" : -15.666839599609375
					}
				]
			],
			"edge_id" : 20,
			"from" : 10,
			"is_connected" : true,
			"to" : 8,
			"transformational_matrix" : " -0.95877 -0.284041 -0.008991   43.9406\n 0.283783 -0.958619 0.0227434   37.9564\n-0.015079 0.0192542  0.999701  0.600783\n        0         0        -0         1"
		},
		{
			"contour" : 
			[
				[
					{
						"x" : 101.90055847167969,
						"y" : -35.202194213867188
					},
					{
						"x" : 97.839279174804688,
						"y" : -56.523849487304688
					},
					{
						"x" : 90.900558471679688,
						"y" : -55.202194213867188
					},
					{
						"x" : 94.961837768554688,
						"y" : -33.880538940429688
					},
					{
						"x" : 101.90055847167969,
						"y" : -35.202194213867188
					}
				]
			],
			"edge_id" : 18,
			"from" : 10,
			"is_connected" : true,
			"to" : 9,
			"transformational_matrix" : "  0.984969   0.171446 -0.0210022     52.671\n -0.171361   0.985192 0.00577466   -93.9829\n 0.0216812 -0.0020889   0.999763  -0.819709\n        -0         -0         -0          1"
		}
	],
	"init_pose" : 
	{
		"orientation" : 
		{
			"w" : 0.71026350398399996,
			"x" : 0,
			"y" : 0,
			"z" : -0.70393590255600003
		},
		"position" : 
		{
			"x" : 0,
			"y" : 0,
			"z" : 0
		}
	},
	"max_nodes" : 11,
	"nodes" : 
	[
		{
			"cvmat" : 
			{
				"file" : "../pcd/0.pcd.png",
				"origin_x" : 0,
				"origin_y" : 0
			},
			"file" : "../pcd/0.pcd",
			"number" : 0
		},
		{
			"cvmat" : 
			{
				"file" : "../pcd/1.pcd.png",
				"origin_x" : 0,
				"origin_y" : 0
			},
			"file" : "../pcd/1.pcd",
			"number" : 1
		},
		{
			"cvmat" : 
			{
				"file" : "../pcd/2.pcd.png",
				"origin_x" : 0,
				"origin_y" : 0
			},
			"file" : "../pcd/2.pcd",
			"number" : 2
		},
		{
			"cvmat" : 
			{
				"file" : "../pcd/3.pcd.png",
				"origin_x" : 0,
				"origin_y" : 0
			},
			"file" : "../pcd/3.pcd",
			"number" : 3
		},
		{
			"cvmat" : 
			{
				"file" : "../pcd/4.pcd.png",
				"origin_x" : 0,
				"origin_y" : 0
			},
			"file" : "../pcd/4.pcd",
			"number" : 4
		},
		{
			"cvmat" : 
			{
				"file" : "../pcd/5.pcd.png",
				"origin_x" : 0,
				"origin_y" : 0
			},
			"file" : "../pcd/5.pcd",
			"number" : 5
		},
		{
			"cvmat" : 
			{
				"file" : "../pcd/6.pcd.png",
				"origin_x" : 0,
				"origin_y" : 0
			},
			"file" : "../pcd/6.pcd",
			"number" : 6
		},
		{
			"cvmat" : 
			{
				"file" : "../pcd/7.pcd.png",
				"origin_x" : 0,
				"origin_y" : 0
			},
			"file" : "../pcd/7.pcd",
			"number" : 7
		},
		{
			"cvmat" : 
			{
				"file" : "../pcd/8.pcd.png",
				"origin_x" : 0,
				"origin_y" : 0
			},
			"file" : "../pcd/8.pcd",
			"number" : 8
		},
		{
			"cvmat" : 
			{
				"file" : "../pcd/9.pcd.png",
				"origin_x" : 0,
				"origin_y" : 0
			},
			"file" : "../pcd/9.pcd",
			"number" : 9
		},
		{
			"cvmat" : 
			{
				"file" : "../pcd/10.pcd.png",
				"origin_x" : 0,
				"origin_y" : 0
			},
			"file" : "../pcd/10.pcd",
			"number" : 10
		}
	],
	"path" : 
	[
		0,
		1,
		2,
		3,
		4,
		5,
		1,
		6,
		3,
		7,
		1,
		8,
		9,
		5,
		1,
		6,
		10,
		4,
		3,
		2,
		1,
		0
	]
}